LCOE = 84.35509080986411
global_best_position: [337.98538026 4.12580297 10.73268008 11.90668322]
global_best_fitness_value: 31200267.805079624

{
	'pv_cap_max': 1064.472521906143,
	'wind_cap_max': 5.816163986807121,
	'battery_cap_max': 14.997021721534203,
	'battery_max': 11.997617377227364,
	'battery_min': 2.999404344306841,
	'diesel_max': 11.99555237404584,
	'demand_sum': 5230.855261158001,
	'pv_power_sum': 1258.2033959759833,
	'wind_power_sum': 5026.279665694712,
	'battery_charging_power_sum': 1643.7025205357052,
	'battery_discharging_power_sum': 1639.2034140192452,
	'diesel_power_sum': 2165.9630269990976,
	'trashed_power_sum': 3215.0917209953336,
	'Diesel_Cf_sum': 123618.06253206135
} 

{
	'It_PV_1kW[yen/year]': [726383.3333, 0, 0, 0, 0, 0, 0, 0, 0, 0, 0, 0, 0, 0, 0, 0, 0, 0, 0, 0],
	'Mt_PV_1kW[yen/year]': [4329, 4329, 4329, 4329, 4329, 4329, 4329, 4329, 4329, 4329, 4329, 4329, 4329, 4329, 4329, 4329, 4329, 4329, 4329, 4329],
	'Ft_PV_1kW[yen/year]': [0, 0, 0, 0, 0, 0, 0, 0, 0, 0, 0, 0, 0, 0, 0, 0, 0, 0, 0, 0],
	'It_Wind_1kW[yen/year]': [302274.7826, 0, 0, 0, 0, 0, 0, 0, 0, 0, 0, 0, 0, 0, 0, 0, 0, 0, 0, 0],
	'Mt_Wind_1kW[yen/year]': [662.785213, 662.785213, 662.785213, 662.785213, 662.785213, 662.785213, 662.785213, 662.785213, 662.785213, 662.785213, 662.785213, 662.785213, 662.785213, 662.785213, 662.785213, 662.785213, 662.785213, 662.785213, 662.785213, 662.785213],
	'Ft_Wind_1kW[yen/year]': [0, 0, 0, 0, 0, 0, 0, 0, 0, 0, 0, 0, 0, 0, 0, 0, 0, 0, 0, 0],
	'It_Diesel_1kW[yen/year]': [33611.11, 33611.11, 0, 33611.11, 33611.11, 0, 33611.11, 33611.11, 0, 33611.11, 33611.11, 0, 33611.11, 33611.11, 0, 33611.11, 33611.11, 0, 33611.11, 33611.11],
	'Mt_Diesel_1kW[yen/year]': [8.8, 8.8, 8.8, 8.8, 8.8, 8.8, 8.8, 8.8, 8.8, 8.8, 8.8, 8.8, 8.8, 8.8, 8.8, 8.8, 8.8, 8.8, 8.8, 8.8],
	'Diesel_Pf': 129,
	'Diesel_Adg': 0.2461,
	'Diesel_Bdg': 0.081451,
	'It_Battery_1kW[yen/year]': [13540, 0, 0, 0, 13540, 0, 0, 0, 13540, 0, 0, 0, 13540, 0, 0, 0, 13540, 0, 0, 0],
	'Mt_Battery_1kW[yen/year]': [1100, 1100, 1100, 1100, 1100, 1100, 1100, 1100, 1100, 1100, 1100, 1100, 1100, 1100, 1100, 1100, 1100, 1100, 1100, 1100],
	'Ft_Battery_1kW[yen/year]': [0, 0, 0, 0, 0, 0, 0, 0, 0, 0, 0, 0, 0, 0, 0, 0, 0, 0, 0, 0],
	'Sell_income_from_trashed[kWh/yen]': [0, 0, 0, 0, 0, 0, 0, 0, 0, 0, 0, 0, 0, 0, 0, 0, 0, 0, 0, 0],
	'r[yen/year]': [0.0234375, 0.0234375, 0.0234375, 0.0234375, 0.0234375, 0.0234375, 0.0234375, 0.0234375, 0.0234375, 0.0234375, 0.0234375, 0.0234375, 0.0234375, 0.0234375, 0.0234375, 0.0234375, 0.0234375, 0.0234375, 0.0234375, 0.0234375],
	'operation_year': [1, 2, 3, 4, 5, 6, 7, 8, 9, 10, 11, 12, 13, 14, 15, 16, 17, 18, 19, 20]
}

SCL: [7460407.89869438 1259258.48155957 968672.09531516 1259949.83271521
	1647226.28469233 968684.56642352 1259950.21289831 1259950.21290309
	1355960.65002278 1259950.2129032 1259950.2129032 968684.56658409
	1647226.2963419 1259950.2129032 968684.56658409 1259950.2129032
	1647226.2963419 968684.56658409 1259950.2129032 1259950.2129032
]

SEL: [18091.12163637 18504.96721763 18514.89392781 18515.12671281
	18515.13216878 18515.13229665 18515.13229965 18515.13229972
	18515.13229972 18515.13229972 18515.13229972 18515.13229972
	18515.13229972 18515.13229972 18515.13229972 18515.13229972
	18515.13229972 18515.13229972 18515.13229972 18515.13229972
]