LCOE: 368.51329097369677
global_best_position: [1011.63233032 3.75947648 19.84108226 10.27866711]
global_best_fitness_value: 62133889.218741536
PSO.best[variables]: {
	'pv_cap_max': 1011.6323303211541,
	'wind_cap_max': 3.7594764786873647,
	'battery_cap_max': 19.84108225904529,
	'battery_max': 15.872865807236233,
	'battery_min': 3.968216451809058,
	'diesel_max': 10.278667108754306,
	'demand_sum': 5230.855261158001,
	'pv_power_sum': 1195.7464446427516,
	'wind_power_sum': 3248.907737358559,
	'battery_charging_power_sum': 1651.2646572574083,
	'battery_discharging_power_sum': 1645.3123325796946,
	'diesel_power_sum': 2350.2809078514674,
	'trashed_power_sum': 1558.127504017065,
	'Diesel_Cf_sum': 134069.2420790779
}
PSO.initial_cost_parameters: {
	'It_PV_1kW[yen/year]': [726383.3333, 0, 0, 0, 0, 0, 0, 0, 0, 0, 0, 0, 0, 0, 0, 0, 0, 0, 0, 0],
	'Mt_PV_1kW[yen/year]': [4329, 4329, 4329, 4329, 4329, 4329, 4329, 4329, 4329, 4329, 4329, 4329, 4329, 4329, 4329, 4329, 4329, 4329, 4329, 4329],
	'Ft_PV_1kW[yen/year]': [0, 0, 0, 0, 0, 0, 0, 0, 0, 0, 0, 0, 0, 0, 0, 0, 0, 0, 0, 0],
	'It_Wind_1kW[yen/year]': [302274.7826, 0, 0, 0, 0, 0, 0, 0, 0, 0, 0, 0, 0, 0, 0, 0, 0, 0, 0, 0],
	'Mt_Wind_1kW[yen/year]': [662.785213, 662.785213, 662.785213, 662.785213, 662.785213, 662.785213, 662.785213, 662.785213, 662.785213, 662.785213, 662.785213, 662.785213, 662.785213, 662.785213, 662.785213, 662.785213, 662.785213, 662.785213, 662.785213, 662.785213],
	'Ft_Wind_1kW[yen/year]': [0, 0, 0, 0, 0, 0, 0, 0, 0, 0, 0, 0, 0, 0, 0, 0, 0, 0, 0, 0],
	'It_Diesel_1kW[yen/year]': [33611.11, 33611.11, 0, 33611.11, 33611.11, 0, 33611.11, 33611.11, 0, 33611.11, 33611.11, 0, 33611.11, 33611.11, 0, 33611.11, 33611.11, 0, 33611.11, 33611.11],
	'Mt_Diesel_1kW[yen/year]': [8.8, 8.8, 8.8, 8.8, 8.8, 8.8, 8.8, 8.8, 8.8, 8.8, 8.8, 8.8, 8.8, 8.8, 8.8, 8.8, 8.8, 8.8, 8.8, 8.8],
	'Diesel_Pf': 129,
	'Diesel_Adg': 0.2461,
	'Diesel_Bdg': 0.081451,
	'It_Battery_1kW[yen/year]': [13540, 0, 0, 0, 13540, 0, 0, 0, 13540, 0, 0, 0, 13540, 0, 0, 0, 13540, 0, 0, 0],
	'Mt_Battery_1kW[yen/year]': [1100, 1100, 1100, 1100, 1100, 1100, 1100, 1100, 1100, 1100, 1100, 1100, 1100, 1100, 1100, 1100, 1100, 1100, 1100, 1100],
	'Ft_Battery_1kW[yen/year]': [0, 0, 0, 0, 0, 0, 0, 0, 0, 0, 0, 0, 0, 0, 0, 0, 0, 0, 0, 0],
	'Sell_income_from_trashed[kWh/yen]': [0, 0, 0, 0, 0, 0, 0, 0, 0, 0, 0, 0, 0, 0, 0, 0, 0, 0, 0, 0],
	'r[yen/year]': [0.0234375, 0.0234375, 0.0234375, 0.0234375, 0.0234375, 0.0234375, 0.0234375, 0.0234375, 0.0234375, 0.0234375, 0.0234375, 0.0234375, 0.0234375, 0.0234375, 0.0234375, 0.0234375, 0.0234375, 0.0234375, 0.0234375, 0.0234375],
	'operation_year': [1, 2, 3, 4, 5, 6, 7, 8, 9, 10, 11, 12, 13, 14, 15, 16, 17, 18, 19, 20]
}
SCL: [5076543.54096335 3053971.38037598 2710136.67417923 3055648.05492218
	3324297.20723672 2710171.56566449 3055648.97694757 3055648.97695917
	2978819.81990119 3055648.97695944 3055648.97695944 2710171.56611372
	3324297.23074692 3055648.97695944 2710171.56611372 3055648.97695944
	3324297.23074692 2710171.56611372 3055648.97695944 3055648.97695944
]
SEL: [8246.95931352 8435.61360148 8440.13875899 8440.2448756 8440.24736274
	8440.24742103 8440.2474224 8440.24742243 8440.24742243 8440.24742243
	8440.24742243 8440.24742243 8440.24742243 8440.24742243 8440.24742243
	8440.24742243 8440.24742243 8440.24742243 8440.24742243 8440.24742243
]